 PDBe Fold v2.59. (src3) 14 Apr 2014 result file.

                   RESULT SUMMARY

   ##      Q-score      P-score     Z-score   RMSD    Nalgn Nsse Ngaps Seq-%     Nmd Nres-Q Nsse-Q Nres-T Nsse-T Query Target
    1           1       16.18       11.93     0.000    58    4    0           1    0     58      4     58      4    PDB 5pti:A  PDB 5pti:A
    2       0.999       14.33        11.2     0.093    58    4    0      0.9828    0     58      4     58      4    PDB 5pti:A  PDB 9pti:A
    3      0.9956       12.59       10.48     0.199    58    4    0      0.9655    0     58      4     58      4    PDB 5pti:A  PDB 7pti:A
    4      0.9595       11.28       9.896     0.467    57    4    0           1    0     58      4     57      4    PDB 5pti:A  PDB 3ldi:A
    5       0.959       12.25       10.33     0.248    56    4    0      0.9821    0     58      4     56      4    PDB 5pti:A  PDB 1bpt:A
    6      0.9588       11.01       9.771     0.474    57    4    0           1    0     58      4     57      4    PDB 5pti:A  PDB 2hex:C
    7      0.9554       11.89       10.17     0.308    56    4    0           1    0     58      4     56      4    PDB 5pti:A  PDB 1ykt:B
    8      0.9549       11.71       10.09     0.317    56    4    0           1    0     58      4     56      4    PDB 5pti:A  PDB 1f7z:I
    9      0.9547        11.8       10.13     0.320    56    4    0           1    0     58      4     56      4    PDB 5pti:A  PDB 3tgi:I
   10      0.9533       11.63       10.05     0.340    56    4    0           1    0     58      4     56      4    PDB 5pti:A  PDB 3tgk:I
   11      0.9531       11.55       10.02     0.342    56    4    0           1    0     58      4     56      4    PDB 5pti:A  PDB 1fy8:I
   12      0.9516       9.804       9.197     0.362    56    4    0           1    0     58      4     56      4    PDB 5pti:A  PDB 3tgj:I
   13      0.9499       11.48       9.984     0.385    56    4    0           1    0     58      4     56      4    PDB 5pti:A  PDB 1bz5:C
   14      0.9492       11.48       9.984     0.393    56    4    0           1    0     58      4     56      4    PDB 5pti:A  PDB 1bz5:E
   15      0.9492       11.48       9.984     0.394    56    4    0           1    0     58      4     56      4    PDB 5pti:A  PDB 1bz5:A
   16      0.9489       11.48       9.984     0.397    56    4    0           1    0     58      4     56      4    PDB 5pti:A  PDB 1bz5:B
   17      0.9489       11.22       9.869     0.397    56    4    0           1    0     58      4     56      4    PDB 5pti:A  PDB 2hex:E
   18      0.9486        11.8       10.13     0.400    56    4    0           1    0     58      4     56      4    PDB 5pti:A  PDB 6pti:A
   19      0.9486       11.48       9.984     0.400    56    4    0           1    0     58      4     56      4    PDB 5pti:A  PDB 3ldj:C
   20      0.9486       11.34       9.924     0.401    56    4    0           1    0     58      4     56      4    PDB 5pti:A  PDB 1bhc:J
   21      0.9485        11.8       10.13     0.402    56    4    0           1    0     58      4     56      4    PDB 5pti:A  PDB 3u1j:E
   22      0.9484       11.34       9.924     0.403    56    4    0           1    0     58      4     56      4    PDB 5pti:A  PDB 1bhc:A
   23      0.9484       11.48       9.984     0.403    56    4    0           1    0     58      4     56      4    PDB 5pti:A  PDB 1bz5:D
   24      0.9483       11.11       9.818     0.572    57    4    0      0.9649    0     58      4     57      4    PDB 5pti:A  PDB 1aal:B
   25      0.9483       9.684       9.138     0.404    56    4    0           1    0     58      4     56      4    PDB 5pti:A  PDB 3ldm:E
   26      0.9481       11.48       9.984     0.407    56    4    0           1    0     58      4     56      4    PDB 5pti:A  PDB 3ldj:A
   27       0.948       11.28       9.896     0.407    56    4    0           1    0     58      4     56      4    PDB 5pti:A  PDB 1bhc:G
   28       0.948       11.28       9.896     0.408    56    4    0           1    0     58      4     56      4    PDB 5pti:A  PDB 1bhc:D
   29      0.9478       11.41       9.953     0.410    56    4    0           1    0     58      4     56      4    PDB 5pti:A  PDB 2hex:A
   30      0.9478       11.28       9.896     0.410    56    4    0           1    0     58      4     56      4    PDB 5pti:A  PDB 1bhc:H
   31      0.9477       11.28       9.896     0.411    56    4    0           1    0     58      4     56      4    PDB 5pti:A  PDB 1bhc:B
   32      0.9476       11.28       9.896     0.412    56    4    0           1    0     58      4     56      4    PDB 5pti:A  PDB 3ldi:C
   33      0.9476       10.26       9.419     0.413    56    4    0           1    0     58      4     56      4    PDB 5pti:A  PDB 3ldm:B
   34      0.9474       11.28       9.896     0.414    56    4    0           1    0     58      4     56      4    PDB 5pti:A  PDB 1bhc:F
   35      0.9474       11.28       9.896     0.414    56    4    0           1    0     58      4     56      4    PDB 5pti:A  PDB 1bhc:C
   36      0.9471       11.28       9.896     0.418    56    4    0           1    0     58      4     56      4    PDB 5pti:A  PDB 2hex:D
   37      0.9471       11.22       9.869     0.419    56    4    0           1    0     58      4     56      4    PDB 5pti:A  PDB 1bhc:E
   38      0.9467       11.22       9.869     0.423    56    4    0           1    0     58      4     56      4    PDB 5pti:A  PDB 1bhc:I
   39      0.9463       10.26       9.419     0.428    56    4    0           1    0     58      4     56      4    PDB 5pti:A  PDB 1b0c:B
   40      0.9461       11.06       9.794     0.430    56    4    0      0.8929    0     58      4     56      4    PDB 5pti:A  PDB 1yld:B
   41      0.9459       11.22       9.869     0.432    56    4    0           1    0     58      4     56      4    PDB 5pti:A  PDB 2hex:B
   42      0.9459       11.34       9.924     0.432    56    4    0           1    0     58      4     56      4    PDB 5pti:A  PDB 3ldm:A
   43      0.9457       10.26       9.419     0.434    56    4    0           1    0     58      4     56      4    PDB 5pti:A  PDB 1b0c:C
   44      0.9454       10.26       9.419     0.437    56    4    0           1    0     58      4     56      4    PDB 5pti:A  PDB 1b0c:A
   45      0.9453       10.26       9.419     0.439    56    4    0           1    0     58      4     56      4    PDB 5pti:A  PDB 1b0c:E
   46      0.9448       10.96       9.748     0.601    57    4    0           1    0     58      4     57      4    PDB 5pti:A  PDB 3ldi:E
   47      0.9447       10.23       9.402     0.446    56    4    0           1    0     58      4     56      4    PDB 5pti:A  PDB 1b0c:D
   48      0.9442       11.17       9.843     0.450    56    4    0        0.75    0     58      4     56      4    PDB 5pti:A  PDB 3aud:A
   49      0.9438       8.325       8.444     0.732    58    3    0      0.9138    0     58      4     58      3    PDB 5pti:A  PDB 2zjx:A
   50      0.9434       11.11       9.818     0.459    56    4    0      0.6429    0     58      4     56      4    PDB 5pti:A  PDB 5jb7:A
   51      0.9431       11.34       9.924     0.466    57    4    0      0.9123    0     58      4     58      4    PDB 5pti:A  PDB 5xx7:D
   52      0.9428       11.01       9.771     0.618    57    4    0      0.9825    0     58      4     57      4    PDB 5pti:A  PDB 6f1f:A
   53       0.942       11.48       9.984     0.624    57    4    0      0.9825    0     58      4     57      4    PDB 5pti:A  PDB 6f1f:D
   54      0.9419          12       10.22     0.478    57    4    0           1    0     58      4     58      4    PDB 5pti:A  PDB 1cbw:I
   55      0.9419       11.01       9.771     0.475    56    4    0           1    0     58      4     56      4    PDB 5pti:A  PDB 3ldm:C
   56      0.9413          12       10.22     0.485    57    4    0           1    0     58      4     58      4    PDB 5pti:A  PDB 4dg4:C
   57       0.941       11.48       9.984     0.632    57    4    0      0.9825    0     58      4     57      4    PDB 5pti:A  PDB 6f1f:B
   58      0.9409       11.34       9.924     0.489    57    4    0      0.9649    0     58      4     58      4    PDB 5pti:A  PDB 3p95:E
   59      0.9408       11.55       10.02     0.490    57    4    0      0.9825    0     58      4     58      4    PDB 5pti:A  PDB 1bti:A
   60      0.9408       11.89       10.17     0.490    57    4    0           1    0     58      4     58      4    PDB 5pti:A  PDB 1mtn:H
   61      0.9407       11.34       9.924     0.487    56    4    0      0.9821    0     58      4     56      4    PDB 5pti:A  PDB 1nag:A
   62      0.9407       11.55       10.02     0.490    57    4    0           1    0     58      4     58      4    PDB 5pti:A  PDB 3otj:I
   63      0.9404       8.817       8.701     0.491    56    4    0           1    0     58      4     56      4    PDB 5pti:A  PDB 2ijo:I
   64      0.9402       11.71       10.09     0.638    57    4    0           1    0     58      4     57      4    PDB 5pti:A  PDB 1f5r:I
   65      0.9401       12.12       10.27     0.496    57    4    0           1    0     58      4     58      4    PDB 5pti:A  PDB 2r9p:F
   66        0.94       11.89       10.17     0.497    57    4    0           1    0     58      4     58      4    PDB 5pti:A  PDB 2r9p:I
   67        0.94          12       10.22     0.497    57    4    0      0.9649    0     58      4     58      4    PDB 5pti:A  PDB 1p2o:D
   68        0.94       10.91       9.726     0.494    56    4    0        0.75    0     58      4     56      4    PDB 5pti:A  PDB 3wny:I
   69      0.9397       9.773       9.182     0.500    57    4    0           1    0     58      4     58      4    PDB 5pti:A  PDB 1mtn:D
   70      0.9395       8.582       8.579     0.499    56    4    0      0.9286    0     58      4     56      4    PDB 5pti:A  PDB 1ylc:B
   71      0.9395       11.34       9.924     0.644    57    4    0      0.9825    0     58      4     57      4    PDB 5pti:A  PDB 6f1f:E
   72      0.9393       11.89       10.17     0.504    57    4    0      0.9649    0     58      4     58      4    PDB 5pti:A  PDB 1p2m:D
   73       0.939       11.63       10.05     0.507    57    4    0           1    0     58      4     58      4    PDB 5pti:A  PDB 4dg4:H
   74       0.939       11.89       10.17     0.507    57    4    0      0.9649    0     58      4     58      4    PDB 5pti:A  PDB 1t7c:D
   75      0.9389       11.63       10.05     0.508    57    4    0           1    0     58      4     58      4    PDB 5pti:A  PDB 1bzx:I
   76      0.9389       11.89       10.17     0.508    57    4    0      0.9649    0     58      4     58      4    PDB 5pti:A  PDB 1t8o:D
   77      0.9387       11.01       9.771     0.507    56    4    0        0.75    0     58      4     56      4    PDB 5pti:A  PDB 3aud:B
   78      0.9386       11.89       10.17     0.511    57    4    0      0.9649    0     58      4     58      4    PDB 5pti:A  PDB 1p2n:D
   79      0.9385       11.89       10.17     0.512    57    4    0      0.9649    0     58      4     58      4    PDB 5pti:A  PDB 1t8n:D
   80      0.9383          12       10.22     0.514    57    4    0      0.9649    0     58      4     58      4    PDB 5pti:A  PDB 1p2o:B
   81      0.9382       11.89       10.17     0.514    57    4    0      0.9649    0     58      4     58      4    PDB 5pti:A  PDB 1t8m:D
   82      0.9382       12.19       10.17     0.515    57    3    0      0.9649    0     58      4     58      4    PDB 5pti:A  PDB 1t8m:B
   83      0.9382       11.89       10.17     0.515    57    4    0      0.9649    0     58      4     58      4    PDB 5pti:A  PDB 1p2m:B
   84       0.938       11.89       10.17     0.517    57    4    0      0.9649    0     58      4     58      4    PDB 5pti:A  PDB 1p2q:D
   85      0.9379       10.49       9.526     0.315    55    4    0           1    0     58      4     55      4    PDB 5pti:A  PDB 4wxv:I
   86      0.9377        8.18       8.366     0.516    56    4    0           1    0     58      4     56      4    PDB 5pti:A  PDB 1eaw:B
   87      0.9376       9.088        8.84     0.521    57    4    0      0.9649    0     58      4     58      4    PDB 5pti:A  PDB 1t8n:B
   88      0.9376       9.088        8.84     0.521    57    4    0      0.9649    0     58      4     58      4    PDB 5pti:A  PDB 1t8o:B
   89      0.9375       11.34       9.924     0.659    57    4    0      0.9123    0     58      4     57      4    PDB 5pti:A  PDB 2zvx:B
   90      0.9375       12.19       10.17     0.521    57    3    0      0.9649    0     58      4     58      4    PDB 5pti:A  PDB 1t7c:B
   91      0.9374       9.063       8.827     0.522    57    4    0           1    0     58      4     58      4    PDB 5pti:A  PDB 1cbw:D
   92      0.9371       9.113       8.853     0.525    57    4    0      0.9649    0     58      4     58      4    PDB 5pti:A  PDB 1p2q:B
   93      0.9371       8.793       8.689     0.522    56    4    0           1    0     58      4     56      4    PDB 5pti:A  PDB 3ldj:B
   94      0.9369       11.12       9.683     0.664    57    3    0      0.7193    0     58      4     57      4    PDB 5pti:A  PDB 3auh:G
   95      0.9367       9.113       8.853     0.529    57    4    0      0.9649    0     58      4     58      4    PDB 5pti:A  PDB 1p2n:B
   96      0.9366       11.28       9.896     0.666    57    4    0      0.9123    0     58      4     57      4    PDB 5pti:A  PDB 2zjx:B
   97      0.9364        11.8       10.13     0.531    57    4    0      0.9298    0     58      4     58      4    PDB 5pti:A  PDB 1g6x:A
   98      0.9361       11.55       10.02     0.535    57    4    0           1    0     58      4     58      4    PDB 5pti:A  PDB 4dg4:E
   99      0.9361       10.87       9.704     0.532    56    4    0      0.7321    0     58      4     56      4    PDB 5pti:A  PDB 3ci7:B
  100      0.9361       10.41       9.489     0.342    55    4    0           1    0     58      4     55      4    PDB 5pti:A  PDB 4wxv:C
  101      0.9357       10.82       9.683     0.673    57    4    0      0.7368    0     58      4     57      4    PDB 5pti:A  PDB 3wny:G
  102      0.9354       11.22       9.869     0.541    57    4    0           1    0     58      4     58      4    PDB 5pti:A  PDB 2r9p:E
  103      0.9352       9.804       9.197     0.540    56    4    0           1    0     58      4     56      4    PDB 5pti:A  PDB 2tpi:I
  104       0.935        9.43       9.012     0.542    56    4    0           1    0     58      4     56      4    PDB 5pti:A  PDB 3ldm:D
  105      0.9349       11.89       10.17     0.545    57    4    0           1    0     58      4     58      4    PDB 5pti:A  PDB 1d0d:B
  106      0.9347       8.218       8.387     0.547    57    3    0           1    0     58      4     58      3    PDB 5pti:A  PDB 2r9p:G
  107      0.9346       11.08       9.662     0.545    56    3    0      0.7321    0     58      4     56      4    PDB 5pti:A  PDB 3auh:A
  108      0.9341       11.34       9.924     0.553    57    4    0           1    0     58      4     58      4    PDB 5pti:A  PDB 4dg4:F
  109      0.9341       11.55       10.02     0.553    57    4    0           1    0     58      4     58      4    PDB 5pti:A  PDB 1tpa:I
  110       0.934       10.78       9.662     0.551    56    4    0        0.75    0     58      4     56      4    PDB 5pti:A  PDB 3wny:A
  111      0.9336          12       10.22     0.557    57    4    0      0.9298    0     58      4     58      4    PDB 5pti:A  PDB 1qlq:A
  112      0.9334       11.89       10.17     0.559    57    4    0      0.9474    0     58      4     58      4    PDB 5pti:A  PDB 1ejm:B
  113      0.9332       10.26       9.419     0.561    57    4    1      0.9825    0     58      4     58      4    PDB 5pti:A  PDB 4wwy:C
  114      0.9326       11.63       10.05     0.566    57    4    0      0.9474    0     58      4     58      4    PDB 5pti:A  PDB 1ejm:D
  115      0.9326       9.684       9.138     0.566    57    4    0      0.9825    0     58      4     58      4    PDB 5pti:A  PDB 4tpi:I
  116      0.9323       9.834       9.212     0.569    57    4    0           1    0     58      4     58      4    PDB 5pti:A  PDB 2ptc:I
  117      0.9321       11.48       9.984     0.571    57    4    0           1    0     58      4     58      4    PDB 5pti:A  PDB 4bnr:I
  118       0.932       10.87       9.704     0.700    57    4    0      0.7368    0     58      4     57      4    PDB 5pti:A  PDB 3aud:C
  119      0.9317       11.41       9.953     0.574    57    4    0      0.9123    0     58      4     58      4    PDB 5pti:A  PDB 5xx8:B
  120      0.9312       11.28       9.896     0.410    56    4    0      0.9821    0     58      4     57      4    PDB 5pti:A  PDB 6f1f:C
  121      0.9312          12       10.22     0.579    57    4    0           1    0     58      4     58      4    PDB 5pti:A  PDB 1bpi:A
  122      0.9312       11.17       9.843     0.579    57    4    0           1    0     58      4     58      4    PDB 5pti:A  PDB 3ldi:D
  123      0.9311       10.53       9.544     0.706    57    4    0      0.7193    0     58      4     57      4    PDB 5pti:A  PDB 3aui:B
  124      0.9311       11.06       9.794     0.579    57    4    0           1    0     58      4     58      4    PDB 5pti:A  PDB 4bnr:J
  125      0.9309       7.414       7.946     0.578    56    4    0           1    0     58      4     56      4    PDB 5pti:A  PDB 1eaw:D
  126      0.9307       11.89       10.17     0.583    57    4    0      0.9298    0     58      4     58      4    PDB 5pti:A  PDB 1k6u:A
  127      0.9307       9.773       9.182     0.583    57    4    0           1    0     58      4     58      4    PDB 5pti:A  PDB 3tpi:I
  128      0.9305       11.34       9.924     0.584    57    4    0      0.9123    0     58      4     58      4    PDB 5pti:A  PDB 5xx6:B
  129      0.9305       11.28       9.896     0.584    57    4    0      0.9123    0     58      4     58      4    PDB 5pti:A  PDB 5xx5:B
  130      0.9297       12.12       10.27     0.592    57    4    0      0.9825    0     58      4     58      4    PDB 5pti:A  PDB 1fan:A
  131      0.9292       9.896       9.242     0.595    57    4    0           1    0     58      4     58      4    PDB 5pti:A  PDB 2tgp:I
  132       0.929       11.22       9.869     0.597    57    4    0           1    0     58      4     58      4    PDB 5pti:A  PDB 3ldi:B
  133      0.9276       11.41       9.953     0.609    57    4    0      0.9474    0     58      4     58      4    PDB 5pti:A  PDB 1ejm:F
  134      0.9274       11.01       9.771     0.453    56    4    0      0.7321    0     58      4     57      4    PDB 5pti:A  PDB 3aue:F
  135      0.9264       10.19       9.386     0.461    55    4    0      0.8364    0     58      4     55      4    PDB 5pti:A  PDB 1fak:I
  136      0.9264       9.773       9.182     0.617    56    4    0      0.7321    0     58      4     56      4    PDB 5pti:A  PDB 3auh:E
  137      0.9262        11.8       10.13     0.621    57    4    0      0.9123    0     58      4     58      4    PDB 5pti:A  PDB 5xx2:B
  138      0.9259       10.53       9.544     0.620    56    4    0        0.75    0     58      4     56      4    PDB 5pti:A  PDB 3wny:H
  139      0.9259       11.06       9.794     0.623    57    4    0      0.6491    0     58      4     58      4    PDB 5pti:A  PDB 5jb6:C
  140      0.9259       11.11       9.818     0.623    57    4    0      0.6842    0     58      4     58      4    PDB 5pti:A  PDB 5jb4:C
  141      0.9259       10.53       9.544     0.621    56    4    0        0.75    0     58      4     56      4    PDB 5pti:A  PDB 3wny:E
  142      0.9258       11.71       10.09     0.624    57    4    0      0.9123    0     58      4     58      4    PDB 5pti:A  PDB 5xx2:A
  143      0.9256       11.11       9.818     0.625    57    4    0      0.6667    0     58      4     58      4    PDB 5pti:A  PDB 5jb5:C
  144      0.9255       10.91       9.726     0.474    56    4    0      0.6786    0     58      4     57      4    PDB 5pti:A  PDB 5jb5:A
  145      0.9248       11.06       9.794     0.632    57    4    0      0.6316    0     58      4     58      4    PDB 5pti:A  PDB 5jb7:C
  146      0.9248       9.743       9.167     0.632    57    4    0           1    0     58      4     58      4    PDB 5pti:A  PDB 1bth:P
  147      0.9235       11.55       10.02     0.642    57    4    0      0.9649    0     58      4     58      4    PDB 5pti:A  PDB 3p92:E
  148      0.9234       11.41       9.953     0.643    57    4    0           1    0     58      4     58      4    PDB 5pti:A  PDB 1bth:Q
  149      0.9231       11.71       10.09     0.645    57    4    0           1    0     58      4     58      4    PDB 5pti:A  PDB 3fp8:I
  150       0.923       10.65       9.602     0.763    57    4    0      0.7368    0     58      4     57      4    PDB 5pti:A  PDB 3wny:B
  151      0.9223       11.34       9.924     0.651    57    4    0           1    0     58      4     58      4    PDB 5pti:A  PDB 4pti:A
  152      0.9218       5.887       7.037     0.508    55    3    0           1    0     58      4     55      3    PDB 5pti:A  PDB 5yvu:I
  153      0.9218       11.89       10.17     0.520    57    4    0      0.9649    0     58      4     59      4    PDB 5pti:A  PDB 1t8l:D
  154      0.9212       10.87       9.704     0.517    56    4    0      0.6607    0     58      4     57      4    PDB 5pti:A  PDB 5jb6:B
  155      0.9212       11.71       10.09     0.660    57    4    0           1    0     58      4     58      4    PDB 5pti:A  PDB 3fp6:I
  156      0.9202       9.113       8.853     0.535    57    4    0      0.9649    0     58      4     59      4    PDB 5pti:A  PDB 1t8l:B
  157      0.9195       8.364       8.464     0.673    57    3    0      0.9123    0     58      4     58      3    PDB 5pti:A  PDB 2zvx:A
  158      0.9195       8.793       8.689     0.531    55    4    0      0.9455    0     58      4     55      4    PDB 5pti:A  PDB 5yw1:I
  159      0.9186       11.63       10.05     0.365    56    4    0      0.9643    0     58      4     58      4    PDB 5pti:A  PDB 1aal:A
  160      0.9182       11.41       9.953     0.683    57    4    0           1    0     58      4     58      4    PDB 5pti:A  PDB 2ra3:I
  161      0.9178       10.82       9.683     0.550    56    4    0      0.7321    0     58      4     57      4    PDB 5pti:A  PDB 3aue:A
  162      0.9174       11.01       9.771     0.689    57    4    0      0.9123    0     58      4     58      4    PDB 5pti:A  PDB 5xx4:B
  163      0.9172       6.038       7.132     0.901    58    3    0      0.9828    0     58      4     58      3    PDB 5pti:A  PDB 1jv9:A
  164      0.9167       9.865       9.227     0.692    56    4    0        0.75    0     58      4     56      4    PDB 5pti:A  PDB 3auc:B
  165      0.9158       8.289       8.424     0.701    57    3    0      0.9123    0     58      4     58      3    PDB 5pti:A  PDB 5xx3:A
  166      0.9157       8.289       8.424     0.701    57    3    0      0.9123    0     58      4     58      3    PDB 5pti:A  PDB 5xx4:A
  167      0.9151       10.96       9.748     0.707    57    4    0      0.9123    0     58      4     58      4    PDB 5pti:A  PDB 5xx3:B
  168      0.9127       10.73       9.642     0.724    57    4    0      0.7193    0     58      4     58      4    PDB 5pti:A  PDB 3ci7:A
  169      0.9125       9.743       9.167     0.723    56    4    0      0.7321    0     58      4     56      4    PDB 5pti:A  PDB 3aug:C
  170       0.912       9.743       9.167     0.727    56    4    0      0.7321    0     58      4     56      4    PDB 5pti:A  PDB 3aue:G
  171      0.9115       9.714       9.153     0.730    56    4    0        0.75    0     58      4     56      4    PDB 5pti:A  PDB 3wny:F
  172      0.9111       10.91       9.726     0.457    56    4    0           1    0     58      4     58      4    PDB 5pti:A  PDB 4wwy:I
  173      0.9106       9.684       9.138     0.737    56    4    0      0.7321    0     58      4     56      4    PDB 5pti:A  PDB 3auh:C
  174      0.9099       10.96       9.748     0.470    56    4    0      0.6964    0     58      4     58      4    PDB 5pti:A  PDB 5jb4:A
  175      0.9096       9.928       9.258     0.464    55    4    0      0.9636    0     58      4     56      4    PDB 5pti:A  PDB 3btw:I
  176      0.9091       10.91       9.726     0.479    56    4    0      0.6607    0     58      4     58      4    PDB 5pti:A  PDB 5jb6:A
  177      0.9087       9.896       9.242     0.474    55    4    0      0.9636    0     58      4     56      4    PDB 5pti:A  PDB 3btf:I
  178      0.9087       9.928       9.258     0.474    55    4    0      0.9636    0     58      4     56      4    PDB 5pti:A  PDB 3bte:I
  179      0.9084       9.896       9.242     0.476    55    4    0           1    0     58      4     56      4    PDB 5pti:A  PDB 3btk:I
  180      0.9082       9.896       9.242     0.479    55    4    0      0.9636    0     58      4     56      4    PDB 5pti:A  PDB 3bth:I
  181       0.908       9.928       9.258     0.481    55    4    0      0.9636    0     58      4     56      4    PDB 5pti:A  PDB 3btt:I
  182      0.9073       9.896       9.242     0.488    55    4    0      0.9636    0     58      4     56      4    PDB 5pti:A  PDB 3btg:I
  183      0.9072       9.928       9.258     0.489    55    4    0      0.9636    0     58      4     56      4    PDB 5pti:A  PDB 3btd:I
  184      0.9071       9.896       9.242     0.491    55    4    0      0.9636    0     58      4     56      4    PDB 5pti:A  PDB 3btm:I
  185       0.907       9.896       9.242     0.492    55    4    0      0.9636    0     58      4     56      4    PDB 5pti:A  PDB 3btq:I
  186      0.9066       9.569       9.081     0.870    57    4    0      0.7368    0     58      4     57      4    PDB 5pti:A  PDB 3wny:C
  187      0.9055       10.23       9.402     0.772    56    4    0      0.4643    0     58      4     56      4    PDB 5pti:A  PDB 3d65:I
  188      0.9053       10.82       9.683     0.776    57    4    0      0.9123    0     58      4     58      4    PDB 5pti:A  PDB 5xx8:A
  189      0.9046       10.82       9.683     0.524    56    4    0      0.6786    0     58      4     58      4    PDB 5pti:A  PDB 5jb5:B
  190      0.9044       10.82       9.683     0.527    56    4    0      0.6429    0     58      4     58      4    PDB 5pti:A  PDB 5jb7:B
  191      0.9039       10.82       9.683     0.785    57    4    0      0.9123    0     58      4     58      4    PDB 5pti:A  PDB 5xx6:A
  192      0.9031       10.73       9.642     0.791    57    4    0      0.9123    0     58      4     58      4    PDB 5pti:A  PDB 5xx5:A
  193       0.903       10.78       9.662     0.791    57    4    0      0.9123    0     58      4     58      4    PDB 5pti:A  PDB 5xx7:A
  194      0.9027       9.804       9.197     0.535    55    4    0      0.9636    0     58      4     56      4    PDB 5pti:A  PDB 1p2j:I
  195      0.9022       10.78       9.662     0.548    56    4    0      0.6964    0     58      4     58      4    PDB 5pti:A  PDB 5jb4:B
  196      0.9017       10.37       9.471     0.798    56    4    0      0.4643    0     58      4     56      4    PDB 5pti:A  PDB 3uir:C
  197       0.901       10.83       9.544     0.805    57    3    0      0.7193    0     58      4     58      4    PDB 5pti:A  PDB 3aub:A
  198      0.9006       10.56       9.419     0.807    57    3    0      0.7193    0     58      4     58      4    PDB 5pti:A  PDB 3aub:B
  199      0.9004       10.78       9.662     0.807    56    4    0      0.3571    0     58      4     56      4    PDB 5pti:A  PDB 1y62:E
  200         0.9       10.69       9.622     0.567    56    4    0        0.75    0     58      4     58      4    PDB 5pti:A  PDB 3auc:A
  201      0.8995       9.569       9.081     0.913    57    4    0      0.4561    0     58      4     57      4    PDB 5pti:A  PDB 3uir:D
  202      0.8991       10.69       9.622     0.576    56    4    0      0.7321    0     58      4     58      4    PDB 5pti:A  PDB 3aui:A
  203      0.8984       10.45       9.507     0.820    56    4    0      0.4643    0     58      4     56      4    PDB 5pti:A  PDB 5zj3:A
  204      0.8974       10.45       9.507     0.828    57    4    0      0.7193    0     58      4     58      4    PDB 5pti:A  PDB 3ci7:C
  205       0.892       10.41       9.489     0.861    56    4    0      0.3571    0     58      4     56      4    PDB 5pti:A  PDB 1y62:D
  206      0.8912       10.73       9.642     0.866    56    4    0      0.3571    0     58      4     56      4    PDB 5pti:A  PDB 1y62:F
  207      0.8908       10.26       9.419     0.869    56    4    0      0.3571    0     58      4     56      4    PDB 5pti:A  PDB 1y62:C
  208      0.8907       9.834       9.212     0.496    55    4    0      0.9818    0     58      4     57      4    PDB 5pti:A  PDB 4y10:I
  209      0.8907       10.02       9.304     0.872    57    4    0      0.4211    0     58      4     58      4    PDB 5pti:A  PDB 1tfx:D
  210      0.8904       9.804       9.197     0.498    55    4    0           1    0     58      4     57      4    PDB 5pti:A  PDB 2ftl:I
  211      0.8903       9.834       9.212     0.500    55    4    0      0.9818    0     58      4     57      4    PDB 5pti:A  PDB 4y0z:I
  212      0.8895       9.834       9.212     0.508    55    4    0      0.9818    0     58      4     57      4    PDB 5pti:A  PDB 4y11:I
  213      0.8886       9.295       8.945     0.777    55    4    0      0.3818    0     58      4     55      4    PDB 5pti:A  PDB 6bx8:B
  214      0.8872       9.375       8.985     0.667    54    4    0       0.463    0     58      4     54      4    PDB 5pti:A  PDB 5nx1:C
  215      0.8862       10.53       9.544     0.897    56    4    0      0.3571    0     58      4     56      4    PDB 5pti:A  PDB 1y62:A
  216      0.8857       10.73       9.642     0.559    56    4    0      0.7321    0     58      4     59      4    PDB 5pti:A  PDB 3aug:A
  217       0.885       10.45       9.507     0.905    56    4    0      0.3571    0     58      4     56      4    PDB 5pti:A  PDB 1y62:B
  218      0.8833       8.404       8.485     0.915    56    3    0      0.4464    0     58      4     56      3    PDB 5pti:A  PDB 6gfi:E
  219      0.8817       9.269       8.931     0.712    55    4    0      0.4545    0     58      4     56      4    PDB 5pti:A  PDB 6gfi:C
  220      0.8807       8.914       8.751     0.407    53    4    0           1    0     58      4     54      4    PDB 5pti:A  PDB 3gym:J
  221      0.8805        8.89       8.739     0.409    53    4    0           1    0     58      4     54      4    PDB 5pti:A  PDB 3gym:I
  222      0.8789       9.714       9.153     0.942    56    4    0      0.4643    0     58      4     56      4    PDB 5pti:A  PDB 5zj3:C
  223      0.8785       8.378       8.472     0.944    56    4    0      0.4464    0     58      4     56      4    PDB 5pti:A  PDB 1aap:A
  224      0.8777       9.088        8.84     0.739    54    4    0       0.463    0     58      4     54      4    PDB 5pti:A  PDB 1taw:B
  225      0.8773       7.484       7.985     0.612    53    3    0      0.4528    0     58      4     53      3    PDB 5pti:A  PDB 5nx3:C
  226       0.876       9.322       8.958     0.961    57    4    0      0.4211    0     58      4     58      4    PDB 5pti:A  PDB 1tfx:C
  227      0.8758       9.834       9.212     0.491    55    4    0           1    0     58      4     58      4    PDB 5pti:A  PDB 4y0y:I
  228      0.8756       9.896       9.242     0.493    55    4    0      0.9636    0     58      4     58      4    PDB 5pti:A  PDB 1p2k:I
  229      0.8752       9.804       9.197     0.497    55    4    0      0.9636    0     58      4     58      4    PDB 5pti:A  PDB 2fi3:I
  230      0.8751       8.841       8.714     0.867    55    4    0      0.3818    0     58      4     55      4    PDB 5pti:A  PDB 6bx8:H
  231      0.8747       9.804       9.197     0.503    55    4    0      0.9818    0     58      4     58      4    PDB 5pti:A  PDB 2fi5:I
  232      0.8743       5.725       6.935     1.138    58    3    0      0.9828    0     58      4     58      3    PDB 5pti:A  PDB 1jv8:A
  233      0.8741       8.152       8.351     0.970    56    3    0      0.4464    0     58      4     56      4    PDB 5pti:A  PDB 1brc:I
  234       0.874       9.088        8.84     0.766    54    4    0       0.463    0     58      4     54      4    PDB 5pti:A  PDB 5c67:E
  235      0.8737       7.006       7.713     0.974    57    3    0           1    0     58      4     58      4    PDB 5pti:A  PDB 1pit:A
  236      0.8729       7.778       8.148     0.258    51    3    0      0.9412    0     58      4     51      3    PDB 5pti:A  PDB 1brb:I
  237      0.8724       9.773       9.182     0.526    55    4    0      0.9818    0     58      4     58      4    PDB 5pti:A  PDB 2fi4:I
  238      0.8717       8.988       8.789     0.783    54    4    0       0.463    0     58      4     54      4    PDB 5pti:A  PDB 1ca0:D
  239      0.8709       9.834       9.212     0.541    55    4    0      0.9636    0     58      4     58      4    PDB 5pti:A  PDB 1p2i:I
  240      0.8704       9.569       9.081     0.993    57    4    0      0.4561    0     58      4     58      4    PDB 5pti:A  PDB 3byb:B
  241      0.8703       10.87       9.704     0.564    56    4    0      0.7321    0     58      4     60      4    PDB 5pti:A  PDB 3aue:B
  242      0.8699       9.684       9.138     0.551    55    4    0      0.9818    0     58      4     58      4    PDB 5pti:A  PDB 2ftm:B
  243      0.8678       7.737       8.125     1.092    57    4    0      0.4561    0     58      4     57      4    PDB 5pti:A  PDB 5m4v:A
  244      0.8667       7.554       8.024     0.819    55    4    0      0.4545    0     58      4     56      4    PDB 5pti:A  PDB 1aap:B
  245      0.8649       7.028       7.725     0.830    54    3    0      0.3889    0     58      4     54      4    PDB 5pti:A  PDB 6bx8:F
  246      0.8618       9.485        9.04     0.746    55    4    0      0.7455    0     58      4     57      4    PDB 5pti:A  PDB 3ci7:D
  247      0.8603       10.23       9.402     0.867    56    4    0      0.4643    0     58      4     58      4    PDB 5pti:A  PDB 3byb:A
  248      0.8602       7.102       7.768     0.861    54    4    0      0.4444    0     58      4     54      4    PDB 5pti:A  PDB 6har:E
  249        0.86       7.102       7.768     1.211    58    4    0      0.9483    0     58      4     58      4    PDB 5pti:A  PDB 1ld5:A
  250      0.8599       7.145       7.793     0.751    53    3    0      0.4528    0     58      4     53      3    PDB 5pti:A  PDB 5c67:C
  251      0.8585       9.597       9.096     1.218    58    4    0      0.3103    0     58      4     58      4    PDB 5pti:A  PDB 1kth:A
  252      0.8565       10.78       9.662     0.892    56    4    0      0.4643    0     58      4     58      4    PDB 5pti:A  PDB 5zj3:B
  253      0.8554       9.655       9.124     1.234    58    4    0      0.3103    0     58      4     58      4    PDB 5pti:A  PDB 2knt:A
  254      0.8527       8.312       8.436     0.811    55    3    0      0.4727    0     58      4     57      4    PDB 5pti:A  PDB 3l3t:E
  255      0.8526        7.53       8.011     0.684    53    3    1      0.4151    0     58      4     54      3    PDB 5pti:A  PDB 4u32:X
  256      0.8514       10.57       9.563     0.924    56    4    0      0.4643    0     58      4     58      4    PDB 5pti:A  PDB 3byb:C
  257      0.8513        6.13       7.189     0.933    57    3    0      0.4211    0     58      4     60      3    PDB 5pti:A  PDB 4dtg:K
  258       0.849       8.028       8.284     0.837    55    3    0      0.4727    0     58      4     57      3    PDB 5pti:A  PDB 3l3t:F
  259      0.8469       8.051       8.297     0.843    53    4    0      0.3962    0     58      4     53      4    PDB 5pti:A  PDB 6bx8:D
  260      0.8457       6.038       7.132     0.768    56    3    1      0.3393    0     58      4     60      4    PDB 5pti:A  PDB 4iso:B
  261       0.845       7.941       8.237     0.864    55    3    0      0.4545    0     58      4     57      3    PDB 5pti:A  PDB 1zjd:B
  262      0.8443       7.288       7.874     0.746    52    3    0      0.4615    0     58      4     52      3    PDB 5pti:A  PDB 3l33:F
  263       0.843       7.309       7.886     0.756    52    3    0      0.4615    0     58      4     52      3    PDB 5pti:A  PDB 3l33:E
  264      0.8412       7.462       7.972     0.801    56    3    1      0.3393    0     58      4     60      4    PDB 5pti:A  PDB 4isl:B
  265      0.8389        6.67       7.516     0.994    54    4    0       0.463    0     58      4     54      4    PDB 5pti:A  PDB 1ca0:I
  266      0.8377       7.417       7.947     1.001    54    3    0      0.3519    0     58      4     54      3    PDB 5pti:A  PDB 3t62:E
  267      0.8372       5.725       6.935     1.004    54    3    0      0.3519    0     58      4     54      3    PDB 5pti:A  PDB 3t62:D
  268      0.8319       8.202       8.378     0.948    55    4    0      0.4727    0     58      4     57      4    PDB 5pti:A  PDB 3l3t:G
  269      0.8312       9.773       9.182     1.126    55    4    0      0.3273    0     58      4     55      4    PDB 5pti:A  PDB 1knt:A
  270      0.8292       7.028       7.725     0.855    52    3    0      0.4615    0     58      4     52      3    PDB 5pti:A  PDB 3l33:G
  271       0.829       6.897        7.65     0.857    52    3    0      0.4615    0     58      4     52      3    PDB 5pti:A  PDB 3l33:H
  272      0.8275       10.57       9.563     0.579    56    4    0      0.7321    0     58      4     63      4    PDB 5pti:A  PDB 3aue:E
  273      0.8272       10.49       9.526     0.581    56    4    0      0.7321    0     58      4     63      4    PDB 5pti:A  PDB 3aue:H
  274      0.8241       9.541       9.067     1.004    56    4    0      0.3571    0     58      4     59      4    PDB 5pti:A  PDB 1dtx:A
  275      0.8215       8.536       8.555     1.097    55    4    0      0.3455    0     58      4     56      4    PDB 5pti:A  PDB 3ofw:A
  276      0.8185       7.804       8.162     0.836    54    3    0      0.4815    0     58      4     57      3    PDB 5pti:A  PDB 3l3t:H
  277      0.8162       8.865       8.726     0.968    56    4    0      0.2857    0     58      4     60      4    PDB 5pti:A  PDB 5yv7:A
  278       0.816       10.73       9.642     0.564    56    4    0      0.7321    0     58      4     64      4    PDB 5pti:A  PDB 3aue:C
  279      0.8127       7.395       7.935     1.145    54    3    0      0.3519    0     58      4     54      3    PDB 5pti:A  PDB 3t62:F
  280      0.8055       6.971       7.693     0.862    56    3    1      0.3393    0     58      4     62      4    PDB 5pti:A  PDB 4isn:B
  281      0.8046       8.246       8.401     1.279    58    4    0      0.3276    0     58      4     61      4    PDB 5pti:A  PDB 3m7q:B
  282      0.8039       9.865       9.227     0.518    55    4    0      0.7455    0     58      4     63      5    PDB 5pti:A  PDB 3aue:D
  283      0.8032       7.179       7.812     1.419    57    4    0      0.4211    0     58      4     57      4    PDB 5pti:A  PDB 1dtk:A
  284      0.7973       10.69       9.622     0.853    57    4    0       0.386    0     58      4     65      4    PDB 5pti:A  PDB 4bqd:B
  285      0.7956        8.03       8.285     1.250    57    4    0      0.3509    0     58      4     60      4    PDB 5pti:A  PDB 2ca7:A
  286       0.793       6.207       7.237     1.257    56    3    0           1    0     58      4     58      3    PDB 5pti:A  PDB 1oa5:5
  287      0.7924        5.51       6.795     1.089    53    3    1      0.3208    0     58      4     54      3    PDB 5pti:A  PDB 3uou:B
  288      0.7903        6.27       7.275     1.271    56    3    0           1    0     58      4     58      3    PDB 5pti:A  PDB 1oa6:5
  289      0.7781       7.309       7.886     0.993    52    3    1      0.4038    0     58      4     54      3    PDB 5pti:A  PDB 4u30:X
  290      0.7781       7.309       7.886     0.993    52    3    1      0.4038    0     58      4     54      3    PDB 5pti:A  PDB 4u30:Y
  291      0.7779       8.136       8.436     1.405    56    4    1      0.3929    0     58      4     57      5    PDB 5pti:A  PDB 2m99:A
  292      0.7769       7.288       7.874     1.001    52    3    1      0.4038    0     58      4     54      3    PDB 5pti:A  PDB 4u30:Z
  293      0.7769       7.288       7.874     1.001    52    3    1      0.4038    0     58      4     54      3    PDB 5pti:A  PDB 4u30:W
  294        0.77       7.246        7.85     1.180    57    3    0       0.386    0     58      4     63      4    PDB 5pti:A  PDB 1zr0:D
  295      0.7624       6.561       7.451     1.338    54    4    1      0.3333    0     58      4     55      4    PDB 5pti:A  PDB 1shp:A
  296      0.7624       7.309       7.886     0.879    55    3    1         0.4    0     58      4     63      4    PDB 5pti:A  PDB 1zr0:B
  297       0.762       8.378       8.472     1.273    55    4    2      0.9455    0     58      4     58      4    PDB 5pti:A  PDB 8pti:A
  298      0.7471       8.446       8.507     0.987    55    4    0         0.4    0     58      4     63      4    PDB 5pti:A  PDB 5nmv:K
  299      0.7197       6.707       7.538     1.498    55    4    1      0.2909    0     58      4     58      4    PDB 5pti:A  PDB 1kun:A
  300      0.7101       6.257       7.267     1.420    55    4    1      0.3455    0     58      4     60      4    PDB 5pti:A  PDB 1dem:A
  301      0.6938       7.858       8.192     1.581    56    3    1      0.3214    0     58      4     61      3    PDB 5pti:A  PDB 1bun:B
  302      0.6935       5.571       6.639     1.510    55    3    1      0.2545    0     58      4     60      4    PDB 5pti:A  PDB 1bf0:A
  303      0.6934       9.375       8.985     1.511    55    4    2      0.3455    0     58      4     60      4    PDB 5pti:A  PDB 4ntx:B
  304      0.6932       8.491       8.531     1.512    55    4    2      0.3455    0     58      4     60      4    PDB 5pti:A  PDB 4nty:B
  305      0.6925       9.322       8.958     1.516    55    4    2      0.3455    0     58      4     60      4    PDB 5pti:A  PDB 4ntw:B
  306      0.6904       7.105        7.77     0.752    53    3    0      0.3585    0     58      4     66      4    PDB 5pti:A  PDB 1yc0:I
  307       0.678       6.239       7.256     0.783    42    3    0      0.4524    0     58      4     42      3    PDB 5pti:A  PDB 5nx1:D
  308      0.6744       5.627       6.872     1.860    57    4    0      0.3333    0     58      4     60      4    PDB 5pti:A  PDB 1den:A
  309      0.6732       7.966       8.251     0.980    55    4    0         0.4    0     58      4     70      4    PDB 5pti:A  PDB 2ddi:A
  310      0.6699       8.867       8.727     0.709    42    3    0           1    0     58      4     43      3    PDB 5pti:A  PDB 3fp7:J
  311      0.6656       7.999       8.268     0.890    42    3    0      0.4524    0     58      4     42      3    PDB 5pti:A  PDB 5nx3:D
  312      0.6538       6.874       7.636     1.121    55    3    0         0.4    0     58      4     70      4    PDB 5pti:A  PDB 2ddj:A
  313       0.628       4.762       6.291     1.792    54    3    1      0.4259    0     58      4     59      3    PDB 5pti:A  PDB 2m01:A
  314      0.5581        4.96       6.428     1.985    55    3    2      0.3091    0     58      4     65      3    PDB 5pti:A  PDB 2j6d:A
  315      0.3935       2.803       4.765     2.209    44    3    4        0.25    0     58      4     55      3    PDB 5pti:A  PDB 2uux:A
  316      0.3868       3.767       5.713     2.531    48    4    3        0.25    0     58      4     60      5    PDB 5pti:A  PDB 1d0d:A
  317      0.3517       4.762       6.291     2.427    45    3    4      0.2889    0     58      4     60      3    PDB 5pti:A  PDB 1tap:A
  318     0.08259       1.209       3.157     3.070    31    3    2     0.06452    0     58      4     98      4    PDB 5pti:A  PDB 6ehz:A
